0.0
38.671875
77.34375
103.125
141.796875
193.359375
193.359375
270.703125
283.59375
322.265625
360.9375
386.71875
399.609375
451.171875
489.84375
515.625
541.40625
580.078125
605.859375
631.640625
657.421875
696.09375
721.875
747.65625
786.328125
799.21875
812.109375
850.78125
876.5625
902.34375
941.015625
953.90625
979.6875
1005.46875
1018.359375
1057.03125
1082.8125
1108.59375
1134.375
1147.265625
1185.9375
1198.828125
1211.71875
1250.390625
1263.28125
1276.171875
1314.84375
1327.734375
1340.625
1379.296875
1392.1875
1417.96875
1430.859375
1456.640625
1482.421875
1495.3125
1508.203125
1521.09375
1546.875
1559.765625
1585.546875
1611.328125
1624.21875
1637.109375
1662.890625
1688.671875
1701.5625
1714.453125
1727.34375
1740.234375
1766.015625
1778.90625
1804.6875
1804.6875
1843.359375
1843.359375
1869.140625
1869.140625
1882.03125
1907.8125
1920.703125
1933.59375
1946.484375
1959.375
1972.265625
1985.15625
2010.9375
2010.9375
2036.71875
2036.71875
2062.5
2075.390625
2088.28125
2101.171875
2114.0625
2126.953125
2139.84375
2139.84375
2152.734375
2165.625
2178.515625
2191.40625
2204.296875
2217.1875
2217.1875
2242.96875
2255.859375
2255.859375
2268.75
2281.640625
2294.53125
2307.421875
2320.3125
2320.3125
2333.203125
2346.09375
2346.09375
2358.984375
2371.875
2384.765625
2397.65625
2397.65625
2410.546875
2410.546875
2423.4375
2436.328125
2449.21875
2449.21875
2475.0
2475.0
2475.0
2487.890625
2500.78125
2513.671875
2513.671875
2513.671875
2513.671875
2526.5625
2539.453125
2552.34375
2565.234375
2565.234375
2578.125
2565.234375
2591.015625
2591.015625
2603.90625
2603.90625
2616.796875
2629.6875
2629.6875
2629.6875
2629.6875
2642.578125
2655.46875
2655.46875
2668.359375
2668.359375
2668.359375
2694.140625
2707.03125
2694.140625
2694.140625
2707.03125
2719.921875
2719.921875
2719.921875
2719.921875
2732.8125
2732.8125
2745.703125
2745.703125
2745.703125
2758.59375
2784.375
2784.375
2784.375
2784.375
2784.375
2797.265625
2797.265625
2797.265625
2810.15625
2810.15625
2823.046875
2823.046875
2823.046875
2835.9375
2835.9375
2835.9375
2848.828125
2848.828125
2848.828125
2861.71875
2861.71875
2887.5
2861.71875
2874.609375
2887.5
2887.5
2887.5
2900.390625
2887.5
2887.5
2900.390625
2900.390625
2900.390625
2913.28125
2913.28125
2913.28125
2913.28125
2926.171875
2926.171875
2926.171875
2939.0625
2926.171875
2939.0625
2939.0625
2939.0625
2951.953125
2951.953125
2964.84375
2951.953125
2964.84375
2964.84375
2964.84375
2977.734375
2964.84375
2977.734375
2964.84375
2977.734375
2977.734375
2977.734375
2990.625
2990.625
2990.625
2990.625
2990.625
3003.515625
3003.515625
3003.515625
3003.515625
3003.515625
3016.40625
3003.515625
3016.40625
3029.296875
3016.40625
3016.40625
3029.296875
3029.296875
3029.296875
3029.296875
3029.296875
3029.296875
3029.296875
3042.1875
3029.296875
3003.515625
2964.84375
2939.0625
2900.390625
2887.5
2835.9375
2810.15625
2784.375
2745.703125
2707.03125
2681.25
2668.359375
2629.6875
2591.015625
2565.234375
2552.34375
2513.671875
2475.0
2475.0
2436.328125
2423.4375
2384.765625
2358.984375
2333.203125
2307.421875
2281.640625
2268.75
2242.96875
2204.296875
2178.515625
2165.625
2126.953125
2114.0625
2088.28125
2062.5
2036.71875
2010.9375
2010.9375
1985.15625
1959.375
1946.484375
1920.703125
1894.921875
1882.03125
1843.359375
1830.46875
1817.578125
1791.796875
1766.015625
1753.125
1740.234375
1714.453125
1688.671875
1688.671875
1662.890625
1637.109375
1624.21875
1611.328125
1598.4375
1572.65625
1559.765625
1533.984375
1521.09375
1508.203125
1482.421875
1469.53125
1456.640625
1443.75
1417.96875
1417.96875
1392.1875
1392.1875
1366.40625
1353.515625
1340.625
1314.84375
1314.84375
1289.0625
1276.171875
1263.28125
1263.28125
1237.5
1237.5
1211.71875
1198.828125
1185.9375
1185.9375
1160.15625
1160.15625
1134.375
1134.375
1108.59375
1095.703125
1095.703125
1082.8125
1057.03125
1044.140625
1044.140625
1018.359375
1018.359375
1018.359375
1005.46875
979.6875
979.6875
966.796875
966.796875
953.90625
941.015625
915.234375
915.234375
902.34375
902.34375
889.453125
876.5625
863.671875
863.671875
850.78125
850.78125
812.109375
812.109375
812.109375
812.109375
812.109375
786.328125
786.328125
773.4375
760.546875
760.546875
747.65625
747.65625
734.765625
721.875
721.875
721.875
696.09375
683.203125
683.203125
683.203125
683.203125
670.3125
670.3125
644.53125
644.53125
631.640625
618.75
618.75
631.640625
618.75
605.859375
592.96875
592.96875
592.96875
580.078125
580.078125
567.1875
567.1875
554.296875
554.296875
541.40625
541.40625
528.515625
528.515625
515.625
515.625
515.625
502.734375
502.734375
489.84375
489.84375
476.953125
476.953125
476.953125
476.953125
451.171875
451.171875
451.171875
451.171875
451.171875
425.390625
438.28125
438.28125
425.390625
425.390625
425.390625
399.609375
399.609375
399.609375
399.609375
386.71875
386.71875
386.71875
386.71875
386.71875
373.828125
373.828125
373.828125
360.9375
348.046875
348.046875
348.046875
348.046875
335.15625
335.15625
335.15625
335.15625
335.15625
309.375
322.265625
322.265625
322.265625
322.265625
309.375
309.375
296.484375
296.484375
296.484375
296.484375
283.59375
283.59375
296.484375
283.59375
283.59375
270.703125
270.703125
257.8125
257.8125
270.703125
257.8125
244.921875
244.921875
244.921875
244.921875
257.8125
244.921875
244.921875
244.921875
232.03125
219.140625
219.140625
219.140625
219.140625
219.140625
232.03125
219.140625
219.140625
219.140625
193.359375
219.140625
193.359375
206.25
193.359375
206.25
206.25
193.359375
193.359375
193.359375
206.25
193.359375
193.359375
180.46875
180.46875
180.46875
180.46875
180.46875
180.46875
180.46875
180.46875
167.578125
180.46875
167.578125
167.578125
154.6875
154.6875
154.6875
154.6875
154.6875
154.6875
154.6875
154.6875
154.6875
141.796875
154.6875
154.6875
141.796875
141.796875
141.796875
141.796875
141.796875
141.796875
128.90625
141.796875
128.90625
128.90625
128.90625
128.90625
116.015625
116.015625
128.90625
128.90625
116.015625
116.015625
116.015625
103.125
116.015625
116.015625
116.015625
116.015625
116.015625
103.125
116.015625
103.125
103.125
90.234375
90.234375
103.125
90.234375
90.234375
90.234375
103.125
90.234375
90.234375
103.125
103.125
90.234375
90.234375
103.125
90.234375
90.234375
90.234375
90.234375
90.234375
90.234375
90.234375
90.234375
77.34375
90.234375
77.34375
77.34375
77.34375
77.34375
77.34375
77.34375
77.34375
77.34375
77.34375
77.34375
77.34375
64.453125